GenderCode,(All),,,,
,,,,,
Count of FirstName,Column Labels,,,,
Row Labels,HIGH,LOW,MEDIUM,VERY HIGH,Grand Total
BPC,10,19,49,10,88
CCDR,14,32,43,6,95
EW,13,27,53,7,100
MSC,14,25,52,7,98
NEL,26,27,63,10,126
PL,15,15,46,14,90
PYZ,13,24,50,8,95
SVG,14,24,60,8,106
TNS,10,20,57,11,98
WBL,13,34,53,12,112
Grand Total,142,247,526,93,1008
